		0,      0,      0,      0,      0,      0,      0,      0,
		0,      0,      0,      0,      0,      0,      0,      0,
		0,      0,      0,      0,      0,      0,      0,      0,
		0,      0,      0,      0,      0,      0,      0,      0,
		0,      0,      0,      0,      0,      0,      0,      0,
		0,      0,      0,      0,      0,      0,      0,      0,
        16,     16,     16,     16,     16,     16,     16,     16, 
        16,     16,     16,     16,     16,     16,     16,     16, 
        16,     16,     16,     16,     16,     16,     16,     16,
        16,     16,     16,     16,     16,     16,     16,     16,
        32,     32,     32,     32,     32,     32,     32,     32, 
        32,     32,     32,     32,     32,     32,     32,     32, 
        32,     32,     32,     32,     32,     32,     32,     32, 
        32,     32,     32,     32,     32,     32,     32,     32, 
        48,     48,     48,     48,     48,     48,     48,     48, 
        48,     48,     48,     48,     48,     48,     48,     48, 
        48,     48,     48,     48,     48,     48,     48,     48, 
        64,     64,     64,     64,     64,     64,     64,     64, 
        64,     64,     64,     64,     64,     64,     64,     64, 
        64,     64,     64,     64,     65,     67,     68,     69, 
        70,     71,     72,     73,     75,     76,     77,     78, 
        80,     81,     82,     83,     85,     86,     87,     89, 
        90,     91,     93,     94,     95,     97,     98,     99, 
        101,    102,    104,    105,    107,    108,    110,    111, 
        113,    114,    116,    117,    119,    121,    122,    124, 
        125,    127,    129,    130,    132,    134,    135,    137, 
        139,    141,    142,    144,    146,    148,    150,    151, 
        153,    155,    157,    159,    161,    163,    165,    166, 
        168,    170,    172,    174,    176,    178,    180,    182, 
        184,    186,    189,    191,    193,    195,    197,    199, 
        201,    204,    206,    208,    210,    212,    215,    217, 
        219,    221,    224,    226,    228,    231,    233,    235, 
        238,    240,    243,    245,    248,    250,    253,    255 

        
		0,      0,      0,      0,      0,      0,      0,      0,
		0,      0,      0,      0,      0,      0,      0,      0,
		0,      0,      0,      0,      0,      0,      0,      0,
		0,      0,      0,      0,      0,      0,      0,      0,
		0,      0,      0,      0,      0,      0,      0,      0,
		0,      0,      0,      0,      16,     16,     16,     16,
        16,     16,     16,     16,     16,     16,     16,     16, 
        16,     16,     16,     16,     16,     16,     16,     16, 
        16,     16,     16,     16,     16,     16,     16,     16,
        16,     16,     16,     16,     16,     16,     16,     16,
        32,     32,     32,     32,     32,     32,     32,     32, 
        32,     32,     32,     32,     32,     32,     32,     32, 
        32,     32,     32,     32,     32,     32,     32,     32, 
        32,     32,     32,     32,     32,     32,     32,     32, 
        48,     48,     48,     48,     48,     48,     48,     48, 
        48,     48,     48,     48,     48,     48,     48,     48, 
        48,     48,     48,     48,     48,     48,     48,     48, 
        64,     64,     64,     64,     64,     64,     64,     64, 
        64,     64,     64,     64,     64,     64,     64,     64, 
        64,     64,     64,     64,     64,     64,     64,     64, 
        80,     80,     80,     80,     80,     80,     80,     80, 
        80,     80,     80,     80,     80,     80,     80,     80, 
        96,     96,     96,     96,     96,     96,     96,     96, 
        112,    112,    112,    112,    112,    112,    112,    112, 
        128,    128,    128,    128,    128,    128,    128,    128, 
        144,    144,    144,    144,    144,    144,    144,    144, 
        160,    160,    160,    160,    160,    160,    160,    160, 
        160,    160,    160,    160,    160,    160,    160,    160, 
        176,    176,    176,    176,    176,    176,    176,    176, 
        176,    176,    176,    176,    176,    176,    176,    176, 
        192,    192,    192,    192,    192,    192,    192,    192, 
        208,    208,    208,    208,    224,    224,    224,    224, 
        240,    240,    240,    240,    240,    255,    255,    255 
        